48
Acropoid_coral                      0.0000000 0.4833632 0.5819840 0.6137495 0.8928079 1.0777296 2.0905863 1.8986615 2.1146860 1.9643941 1.9315862 2.1214852 2.1149438 2.1912155 2.4733384 2.2406176 2.0701970 1.5037926 1.5128061 1.9318877 1.7155439 1.5131031 1.5661451 1.5280616 1.6849236 1.5658720 1.7959872 1.9677071 1.8867689 2.0828848 1.9619621 2.0426290 2.0724778 2.0904486 1.9955899 1.8848272 1.9923605 1.9296278 1.9570105 2.0235593 1.9415369 1.7996127 1.7654111 1.8626088 1.9853095 2.1336065 1.9123276 2.1872895 
Cauliflower_coral                   0.4833632 0.0000000 0.6733687 0.6919114 0.9118621 1.1626115 2.1627151 2.0618776 2.1444663 2.0326176 2.0887257 2.1638458 2.2680427 2.2336759 2.3878091 2.3837060 2.3151802 1.5134047 1.3910783 1.9076928 1.8675027 1.3199693 1.4536879 1.4564032 1.6080497 1.6601568 1.8296742 1.9895301 2.1144502 2.2663962 1.9152728 1.8958153 1.9129206 1.9066350 1.8647121 1.7750090 2.0677788 1.9903349 1.9609632 1.9252789 1.9371498 1.9262254 1.9475077 1.8038190 2.0299605 2.0574620 1.7008267 1.9699147 
Sea_anemone                         0.5819840 0.6733687 0.0000000 0.4135641 0.9422968 1.1925494 2.3905277 2.3278403 2.1990089 2.1854265 2.2152505 2.2400500 2.3985711 2.2995487 2.7416794 2.5023766 2.4183648 1.6372219 1.6836582 1.9453355 1.7176603 1.5356895 1.6933256 1.6894049 1.6812077 1.7575333 1.9381011 2.0764930 1.9981323 2.3749452 2.1144423 2.1932386 2.2347173 2.2407878 2.2046928 1.9501172 2.2496919 2.2210875 2.0549740 2.0458583 1.9703343 2.0123870 2.0357135 2.0207669 2.3010694 2.2357445 1.9636164 2.2136543 
Brown_anemone                       0.6137495 0.6919114 0.4135641 0.0000000 1.0633021 1.2514221 2.4530913 2.4492861 2.2182377 2.3644819 2.2954347 2.3215582 2.7522680 2.5076174 2.8869589 2.5879155 2.4565658 1.8065772 1.7130404 2.1858764 1.9465037 1.4985057 1.7344993 1.7453710 1.8886983 1.9874851 2.2339748 2.1213972 2.2742854 2.3916119 2.3447983 2.5049628 2.5066116 2.5134037 2.4053685 2.1976493 2.3257858 2.3229238 2.0859079 2.1730615 2.0276736 2.0679374 2.0860756 2.0874427 2.4286954 2.2176032 2.1102877 2.3432457 
Starlet_sea_anemone                 0.8928079 0.9118621 0.9422968 1.0633021 0.0000000 1.3574715 2.6186509 2.3200246 2.5043763 2.2089086 2.3114191 2.4282515 2.3471366 2.3598428 2.6437591 2.3019222 2.2400876 1.8366864 1.8568661 2.2122948 2.2582136 1.8343814 1.8446363 1.8753450 1.9788886 2.0081226 2.0117172 2.4952097 2.5740033 2.6569849 2.1976192 2.3240635 2.3604280 2.3553501 2.2129726 2.2682595 2.1751321 2.0652397 2.1936933 2.3427331 2.1682195 1.8229288 1.9771281 2.2510205 2.2674094 2.5609917 2.0968556 2.7381671 
Soft_coral                          1.0777296 1.1626115 1.1925494 1.2514221 1.3574715 0.0000000 2.2455776 2.4528108 2.6104456 2.0501032 2.0809661 2.2114887 2.4302069 2.2353209 2.5313788 2.3136272 2.4979324 2.0966789 1.7779287 2.4253725 2.3957542 1.7294362 1.7866562 1.9652512 2.1088826 2.1445007 2.3380528 2.4645393 2.5985984 2.3035748 2.0938819 2.1103394 2.0873047 2.1116303 2.0236117 1.9814918 2.1407751 2.1490892 2.2856294 2.3019466 2.3582419 2.1537083 2.1332269 2.0857607 1.9440573 2.3530599 2.2160399 2.2792983 
Spotted_gar                         2.0905863 2.1627151 2.3905277 2.4530913 2.6186509 2.2455776 0.0000000 0.7197044 0.8939884 0.9801637 1.0498836 1.4025225 1.1998390 1.1373313 1.2862556 1.1569326 1.1937739 2.0079496 2.0561516 2.4389729 2.4277450 1.8531848 1.9874222 1.7442504 2.0961153 2.2778754 2.2315914 2.3538708 2.5177047 2.3478703 1.8175916 1.9148939 1.9363191 1.8977712 1.9118581 1.8549802 2.2217080 2.2344709 2.0874461 2.0490854 2.0324839 2.0229739 2.1346454 1.9538573 2.2535766 2.0915904 2.3398386 2.0603860 
American_paddle_fish                1.8986615 2.0618776 2.3278403 2.4492861 2.3200246 2.4528108 0.7197044 0.0000000 0.9226431 0.9153045 1.0560041 1.3018475 1.2423070 1.0268878 1.2970649 1.2022186 1.1691708 2.0412721 1.8389800 2.2335594 2.0614944 1.9279380 1.9247518 1.9003421 2.0220282 2.3033225 2.3117595 2.5039893 2.5608633 2.4932029 2.0289525 2.0178730 1.9955340 2.0068070 2.1450294 1.9304684 1.9894980 1.9751894 2.0540873 2.1330723 2.0864993 1.8868785 1.9971762 2.2913358 2.4665623 2.2073421 2.5418644 2.2195544 
West_African_lungfish               2.1146860 2.1444663 2.1990089 2.2182377 2.5043763 2.6104456 0.8939884 0.9226431 0.0000000 1.1968158 1.3294316 1.4680365 1.4161665 1.3307164 1.4946959 1.3421827 1.3432513 2.2187468 2.1836095 2.4232133 2.4308761 2.1819871 2.0804871 2.0573916 2.1016626 2.4982780 2.3244429 2.7973259 2.9554485 2.9114922 1.9539470 2.4438699 2.4691809 2.4624987 2.2487317 1.8453411 2.2837997 2.2325727 2.4352057 2.4415719 2.3666929 2.1635463 2.2485239 2.2155330 2.4183151 2.0846343 2.5308320 2.4774308 
Delta_smelt                         1.9643941 2.0326176 2.1854265 2.3644819 2.2089086 2.0501032 0.9801637 0.9153045 1.1968158 0.0000000 0.9921346 1.2593469 1.1745271 1.1503533 1.2801732 1.2870687 1.3546096 2.1612317 2.0203570 2.1237059 2.1693940 1.9388385 1.9773914 1.9918063 2.0794206 1.9882967 1.7865461 2.2792765 2.2335436 2.2348482 2.0041385 2.0320232 2.0720267 2.0880898 2.1793190 2.1004108 2.4513381 2.3903321 2.2772433 2.3048401 1.9534085 2.1487169 2.1539305 2.1649050 2.3316453 2.3400329 2.3522992 2.1851762 
Asian_arowana                       1.9315862 2.0887257 2.2152505 2.2954347 2.3114191 2.0809661 1.0498836 1.0560041 1.3294316 0.9921346 0.0000000 1.1850261 1.0290985 1.0961689 1.2520564 1.3825270 1.4295396 2.1669739 1.8345477 2.2814057 2.1014123 1.7863102 1.8265226 1.8397410 1.8998355 2.2870707 2.3111353 2.5860629 2.4363387 2.5120568 2.2176795 2.3395668 2.3651624 2.3449024 2.2420603 2.2692263 2.3086861 2.1632927 2.3863831 2.3703992 2.2207641 2.2882085 2.1665981 2.0583050 2.4507103 2.3887392 2.5964660 2.4176753 
Mosquito_fish                       2.1214852 2.1638458 2.2400500 2.3215582 2.4282515 2.2114887 1.4025225 1.3018475 1.4680365 1.2593469 1.1850261 0.0000000 0.5913842 1.0270038 1.0922807 1.5412267 1.5144704 1.8352035 1.9314599 2.0385410 2.2188165 1.7466000 1.9512442 1.8660189 2.0274561 2.0557871 2.0128607 2.3748154 2.0998169 2.5219806 2.0788208 2.1543386 2.1767776 2.1650649 2.1209566 2.1039472 2.2785318 2.1215397 2.3769055 2.3164391 2.3661664 2.1138290 2.1653182 2.1860192 2.1367784 2.0837779 2.3576727 2.2111332 
White_Sands_pupfish                 2.1149438 2.2680427 2.3985711 2.7522680 2.3471366 2.4302069 1.1998390 1.2423070 1.4161665 1.1745271 1.0290985 0.5913842 0.0000000 0.8952739 0.9250139 1.4330776 1.5082104 1.9333179 2.0335366 2.1984842 2.3019653 1.8918966 1.8346011 1.8595238 1.7313474 2.2842939 1.9997882 2.5974234 2.2888339 2.6407030 2.1588457 2.1212568 2.1729577 2.1849495 2.2052722 2.1171308 2.2672464 2.1002603 2.4453098 2.4679067 2.5798716 2.4927285 2.3026603 2.4908393 2.3688971 2.4508879 2.5421324 2.0987091 
Common_carp                         2.1912155 2.2336759 2.2995487 2.5076174 2.3598428 2.2353209 1.1373313 1.0268878 1.3307164 1.1503533 1.0961689 1.0270038 0.8952739 0.0000000 0.3711298 1.5490185 1.5844502 1.9850876 2.0466914 2.2451156 2.4506292 1.9948755 1.8446067 1.9370684 1.8669550 2.2944285 2.2920711 2.3550598 2.4003863 2.5386210 2.6075336 2.3971295 2.4148649 2.3966077 2.2830354 2.2178347 2.4428755 2.4248473 2.5535544 2.5445316 2.6033241 2.5598041 2.3915874 2.8161437 2.5624324 2.6159266 2.8997877 2.4325396 
Zebrafish                           2.4733384 2.3878091 2.7416794 2.8869589 2.6437591 2.5313788 1.2862556 1.2970649 1.4946959 1.2801732 1.2520564 1.0922807 0.9250139 0.3711298 0.0000000 1.6982869 1.7187628 2.1314020 2.0544786 2.3212213 2.5889832 2.1151200 1.9888872 1.9963245 2.1693338 2.4915226 2.6784276 2.5015850 2.6555816 2.6841509 2.5498359 2.5792867 2.5695163 2.5504592 2.5626494 2.4966741 2.9209055 2.7317088 2.5302019 2.6267390 2.7258618 2.8113995 2.6570165 2.8441402 2.6384397 2.6277473 2.9360566 2.6570651 
Reedfish                            2.2406176 2.3837060 2.5023766 2.5879155 2.3019222 2.3136272 1.1569326 1.2022186 1.3421827 1.2870687 1.3825270 1.5412267 1.4330776 1.5490185 1.6982869 0.0000000 0.1584222 2.1251066 1.9318927 2.3710675 2.3079537 2.0030680 2.0168372 1.8264634 2.1845647 2.1503674 1.9257546 2.0406791 2.1960719 2.3003082 1.7164111 1.8858348 1.9204561 1.9160801 1.9063025 1.7938339 2.1096519 2.0111665 2.2680098 2.3589813 2.3075550 2.0807637 2.1519712 2.2172731 2.3675331 2.2800305 2.3571340 2.1192983 
Senegalus_bichir                    2.0701970 2.3151802 2.4183648 2.4565658 2.2400876 2.4979324 1.1937739 1.1691708 1.3432513 1.3546096 1.4295396 1.5144704 1.5082104 1.5844502 1.7187628 0.1584222 0.0000000 2.0893140 1.9418820 2.3492533 2.1740618 2.0009504 1.9722918 1.8984896 2.1123654 2.1392949 1.8205609 1.9590621 2.0309888 2.2894902 1.6880953 1.9404784 1.9806425 1.9645154 1.8679751 1.7320199 2.0188470 1.9960946 2.2404413 2.3241646 2.3555230 1.9884550 2.1034048 2.1555046 2.4260284 2.1185882 2.3795034 2.2545690 
Stigmatella_aurantiaca              1.5037926 1.5134047 1.6372219 1.8065772 1.8366864 2.0966789 2.0079496 2.0412721 2.2187468 2.1612317 2.1669739 1.8352035 1.9333179 1.9850876 2.1314020 2.1251066 2.0893140 0.0000000 0.6985426 1.1485833 1.2107640 1.1693388 1.2788776 1.1058423 1.2765709 1.3164647 1.4668787 1.4270796 1.5550689 1.8830103 1.5904809 1.6968060 1.7050423 1.7325614 1.6351322 1.5570636 1.9552507 1.9030505 1.3650740 1.3935229 1.4430376 1.3714596 1.3695901 1.6079124 1.5082792 1.5082085 1.4765004 1.8171379 
Candidatus_Entotheonella_factor     1.5128061 1.3910783 1.6836582 1.7130404 1.8568661 1.7779287 2.0561516 1.8389800 2.1836095 2.0203570 1.8345477 1.9314599 2.0335366 2.0466914 2.0544786 1.9318927 1.9418820 0.6985426 0.0000000 1.0139432 1.2422902 0.9702576 1.0526148 1.0266970 1.1592229 1.2861941 1.3784144 1.5322658 1.6746678 1.8045483 1.3587262 1.5696938 1.5482091 1.5699785 1.3929996 1.4189050 1.8942604 1.8393538 1.3550348 1.3487527 1.1830063 1.4203044 1.3124216 1.4888859 1.4096530 1.3515981 1.4556612 1.5465861 
Burkholderia_pseudomallei_MSHR1153  1.9318877 1.9076928 1.9453355 2.1858764 2.2122948 2.4253725 2.4389729 2.2335594 2.4232133 2.1237059 2.2814057 2.0385410 2.1984842 2.2451156 2.3212213 2.3710675 2.3492533 1.1485833 1.0139432 0.0000000 1.4605930 1.3372674 1.4211455 1.3269680 1.6063663 1.6298235 1.7467853 1.9206888 2.0520229 2.1628066 1.7192800 1.7268276 1.7399960 1.7682787 1.8063039 1.7840482 1.9500055 1.7907547 1.5566053 1.6190108 1.3796299 1.3755823 1.4303620 1.5208111 1.7584376 1.8575660 1.6566908 2.0433808 
Oceanospirillum_multiglobuliferum   1.7155439 1.8675027 1.7176603 1.9465037 2.2582136 2.3957542 2.4277450 2.0614944 2.4308761 2.1693940 2.1014123 2.2188165 2.3019653 2.4506292 2.5889832 2.3079537 2.1740618 1.2107640 1.2422902 1.4605930 0.0000000 1.4434357 1.6175433 1.5497497 1.7266808 1.6152329 1.8050106 1.8813334 1.8062165 2.3199986 1.7144867 1.8805649 1.8856239 1.9163113 1.9761602 1.8349979 2.1646912 2.0927758 1.6684081 1.7848597 1.5262538 1.4891930 1.5718146 1.5560028 1.8915589 1.6952660 1.7610251 1.9703261 
Crown_of_thorns_starfish            1.5131031 1.3199693 1.5356895 1.4985057 1.8343814 1.7294362 1.8531848 1.9279380 2.1819871 1.9388385 1.7863102 1.7466000 1.8918966 1.9948755 2.1151200 2.0030680 2.0009504 1.1693388 0.9702576 1.3372674 1.4434357 0.0000000 0.4296628 0.5661192 1.2642228 1.2949870 1.2737173 1.5024086 1.6410031 1.8516666 1.5712261 1.5580067 1.5835336 1.5702240 1.4793422 1.5857171 1.8353724 1.7201134 1.2976736 1.3700543 1.4556745 1.5080053 1.3679576 1.4904427 1.5934492 1.4671395 1.6344637 1.6085590 
Bat_starfish                        1.5661451 1.4536879 1.6933256 1.7344993 1.8446363 1.7866562 1.9874222 1.9247518 2.0804871 1.9773914 1.8265226 1.9512442 1.8346011 1.8446067 1.9888872 2.0168372 1.9722918 1.2788776 1.0526148 1.4211455 1.6175433 0.4296628 0.0000000 0.5603743 1.2545610 1.3392298 1.3931515 1.5629777 1.6674266 2.0476634 1.5897604 1.6979310 1.7150446 1.7094218 1.5106702 1.5433060 1.9507580 1.7741877 1.4478513 1.5383532 1.3974279 1.4594129 1.3770961 1.4332962 1.6961004 1.3820147 1.6347704 1.7595686 
Purple_sea_urchin                   1.5280616 1.4564032 1.6894049 1.7453710 1.8753450 1.9652512 1.7442504 1.9003421 2.0573916 1.9918063 1.8397410 1.8660189 1.8595238 1.9370684 1.9963245 1.8264634 1.8984896 1.1058423 1.0266970 1.3269680 1.5497497 0.5661192 0.5603743 0.0000000 1.2410859 1.3020366 1.2585996 1.4507854 1.5040406 1.9220650 1.5244493 1.7467644 1.7064285 1.7110060 1.5127605 1.5812563 1.7320051 1.6505800 1.4460797 1.5630252 1.3819210 1.4937617 1.3805383 1.4052540 1.6408335 1.5707663 1.6853750 1.6798281 
Lancelet                            1.6849236 1.6080497 1.6812077 1.8886983 1.9788886 2.1088826 2.0961153 2.0220282 2.1016626 2.0794206 1.8998355 2.0274561 1.7313474 1.8669550 2.1693338 2.1845647 2.1123654 1.2765709 1.1592229 1.6063663 1.7266808 1.2642228 1.2545610 1.2410859 0.0000000 1.4977521 1.5476142 1.5530234 1.6580244 2.1785567 1.7267443 1.9219607 1.9425365 1.9360663 1.9424840 1.7636101 1.9813072 1.8454635 2.0462011 2.0263449 2.0260228 1.8755472 1.9609813 2.1947643 2.1154340 2.0456156 1.9448202 1.7088368 
Yesso_Scallop                       1.5658720 1.6601568 1.7575333 1.9874851 2.0081226 2.1445007 2.2778754 2.3033225 2.4982780 1.9882967 2.2870707 2.0557871 2.2842939 2.2944285 2.4915226 2.1503674 2.1392949 1.3164647 1.2861941 1.6298235 1.6152329 1.2949870 1.3392298 1.3020366 1.4977521 0.0000000 0.4553781 0.8639815 1.0079639 1.1440577 1.8097628 1.8285325 1.8412916 1.8320404 1.6884912 1.6242120 2.1470526 2.0400175 1.7385304 1.6849447 1.6493168 1.6671676 1.5778254 1.6254496 1.8980113 1.7542603 1.8004382 1.7503933 
Great_scallop                       1.7959872 1.8296742 1.9381011 2.2339748 2.0117172 2.3380528 2.2315914 2.3117595 2.3244429 1.7865461 2.3111353 2.0128607 1.9997882 2.2920711 2.6784276 1.9257546 1.8205609 1.4668787 1.3784144 1.7467853 1.8050106 1.2737173 1.3931515 1.2585996 1.5476142 0.4553781 0.0000000 1.0097655 1.1588737 1.2188945 1.8332584 1.8350317 1.8484460 1.8390766 1.6947264 1.6349952 2.1785850 2.1038295 1.8975364 1.9154256 1.6215888 1.5779755 1.5801292 1.7511371 1.7213308 1.7025319 1.8897074 1.9115624 
Zebra_Mussel                        1.9677071 1.9895301 2.0764930 2.1213972 2.4952097 2.4645393 2.3538708 2.5039893 2.7973259 2.2792765 2.5860629 2.3748154 2.5974234 2.3550598 2.5015850 2.0406791 1.9590621 1.4270796 1.5322658 1.9206888 1.8813334 1.5024086 1.5629777 1.4507854 1.5530234 0.8639815 1.0097655 0.0000000 0.3983767 1.0342564 2.0467713 2.2480524 2.2733253 2.2603189 2.1366582 1.8348632 2.6740712 2.4564317 1.9411695 2.0702105 1.8340451 1.8609689 1.9804118 2.0527490 2.2066211 2.3160822 2.1698224 2.2482404 
Korean_mussel                       1.8867689 2.1144502 1.9981323 2.2742854 2.5740033 2.5985984 2.5177047 2.5608633 2.9554485 2.2335436 2.4363387 2.0998169 2.2888339 2.4003863 2.6555816 2.1960719 2.0309888 1.5550689 1.6746678 2.0520229 1.8062165 1.6410031 1.6674266 1.5040406 1.6580244 1.0079639 1.1588737 0.3983767 0.0000000 1.2865660 2.0451781 2.3073575 2.3334257 2.3199307 2.2077666 1.9652034 2.7411414 2.5463778 2.2638639 2.3852169 2.0975208 2.1790193 2.1223957 2.2065321 2.3864356 2.4405635 2.2765285 2.3448003 
Mediterranean_mussel                2.0828848 2.2663962 2.3749452 2.3916119 2.6569849 2.3035748 2.3478703 2.4932029 2.9114922 2.2348482 2.5120568 2.5219806 2.6407030 2.5386210 2.6841509 2.3003082 2.2894902 1.8830103 1.8045483 2.1628066 2.3199986 1.8516666 2.0476634 1.9220650 2.1785567 1.1440577 1.2188945 1.0342564 1.2865660 0.0000000 2.3204853 2.5224864 2.5627520 2.5182033 2.3817370 2.2640827 2.9054330 2.8234715 2.2067108 2.4730575 1.9811389 2.0339014 1.9781755 2.3888740 2.3625734 2.4565380 2.3181485 2.1110201 
BT_3146_VPI_5482                    1.9619621 1.9152728 2.1144423 2.3447983 2.1976192 2.0938819 1.8175916 2.0289525 1.9539470 2.0041385 2.2176795 2.0788208 2.1588457 2.6075336 2.5498359 1.7164111 1.6880953 1.5904809 1.3587262 1.7192800 1.7144867 1.5712261 1.5897604 1.5244493 1.7267443 1.8097628 1.8332584 2.0467713 2.0451781 2.3204853 0.0000000 0.6908358 0.6899198 0.7016729 0.7532212 0.7783979 1.2821319 1.1987995 1.1355353 1.2062848 1.1468584 1.1008437 1.2473208 1.2270754 1.2490329 1.3127513 1.3903740 1.4959279 
Bacteroides_congonensis             2.0426290 1.8958153 2.1932386 2.5049628 2.3240635 2.1103394 1.9148939 2.0178730 2.4438699 2.0320232 2.3395668 2.1543386 2.1212568 2.3971295 2.5792867 1.8858348 1.9404784 1.6968060 1.5696938 1.7268276 1.8805649 1.5580067 1.6979310 1.7467644 1.9219607 1.8285325 1.8350317 2.2480524 2.3073575 2.5224864 0.6908358 0.0000000 0.0286268 0.0289972 0.3303936 0.5317398 1.2946769 1.2299701 1.2292467 1.1963073 1.1277827 1.3067588 1.3789063 1.3877890 1.3125524 1.4022216 1.7093776 1.8432439 
Bacteroides_thetaiotaomicron_dnLKV9 2.0724778 1.9129206 2.2347173 2.5066116 2.3604280 2.0873047 1.9363191 1.9955340 2.4691809 2.0720267 2.3651624 2.1767776 2.1729577 2.4148649 2.5695163 1.9204561 1.9806425 1.7050423 1.5482091 1.7399960 1.8856239 1.5835336 1.7150446 1.7064285 1.9425365 1.8412916 1.8484460 2.2733253 2.3334257 2.5627520 0.6899198 0.0286268 0.0000000 0.0122597 0.3258779 0.5292895 1.3010813 1.2441952 1.2112299 1.1785232 1.0891145 1.2958535 1.3688122 1.3627548 1.3026274 1.3947920 1.7166479 1.8427212 
Phocaeicola_vulgatus                2.0904486 1.9066350 2.2407878 2.5134037 2.3553501 2.1116303 1.8977712 2.0068070 2.4624987 2.0880898 2.3449024 2.1650649 2.1849495 2.3966077 2.5504592 1.9160801 1.9645154 1.7325614 1.5699785 1.7682787 1.9163113 1.5702240 1.7094218 1.7110060 1.9360663 1.8320404 1.8390766 2.2603189 2.3199307 2.5182033 0.7016729 0.0289972 0.0122597 0.0000000 0.3076234 0.5330874 1.3153749 1.2482402 1.2009911 1.1681564 1.1287673 1.3016087 1.3683907 1.3853442 1.3211634 1.3990732 1.7344956 1.8320060 
Bacteroides_faecis                  1.9955899 1.8647121 2.2046928 2.4053685 2.2129726 2.0236117 1.9118581 2.1450294 2.2487317 2.1793190 2.2420603 2.1209566 2.2052722 2.2830354 2.5626494 1.9063025 1.8679751 1.6351322 1.3929996 1.8063039 1.9761602 1.4793422 1.5106702 1.5127605 1.9424840 1.6884912 1.6947264 2.1366582 2.2077666 2.3817370 0.7532212 0.3303936 0.3258779 0.3076234 0.0000000 0.5564606 1.2964868 1.2442583 1.1885185 1.2162895 1.0554799 1.1954198 1.2462775 1.4431114 1.2210773 1.3043237 1.6200352 1.8619806 
Prevotella_copri                    1.8848272 1.7750090 1.9501172 2.1976493 2.2682595 1.9814918 1.8549802 1.9304684 1.8453411 2.1004108 2.2692263 2.1039472 2.1171308 2.2178347 2.4966741 1.7938339 1.7320199 1.5570636 1.4189050 1.7840482 1.8349979 1.5857171 1.5433060 1.5812563 1.7636101 1.6242120 1.6349952 1.8348632 1.9652034 2.2640827 0.7783979 0.5317398 0.5292895 0.5330874 0.5564606 0.0000000 1.4110909 1.3154869 1.2229364 1.2115578 1.1816199 1.2099542 1.3356798 1.5281510 1.4492267 1.3854009 1.7289067 1.8117859 
Acinetobacter_sp._BIGb0196          1.9923605 2.0677788 2.2496919 2.3257858 2.1751321 2.1407751 2.2217080 1.9894980 2.2837997 2.4513381 2.3086861 2.2785318 2.2672464 2.4428755 2.9209055 2.1096519 2.0188470 1.9552507 1.8942604 1.9500055 2.1646912 1.8353724 1.9507580 1.7320051 1.9813072 2.1470526 2.1785850 2.6740712 2.7411414 2.9054330 1.2821319 1.2946769 1.3010813 1.3153749 1.2964868 1.4110909 0.0000000 0.0047217 1.5990560 1.6848441 1.3528682 1.4324938 1.5022102 1.4887644 1.6760668 1.5350086 1.6786593 1.6083888 
Acinetobacter_sp._MYb10             1.9296278 1.9903349 2.2210875 2.3229238 2.0652397 2.1490892 2.2344709 1.9751894 2.2325727 2.3903321 2.1632927 2.1215397 2.1002603 2.4248473 2.7317088 2.0111665 1.9960946 1.9030505 1.8393538 1.7907547 2.0927758 1.7201134 1.7741877 1.6505800 1.8454635 2.0400175 2.1038295 2.4564317 2.5463778 2.8234715 1.1987995 1.2299701 1.2441952 1.2482402 1.2442583 1.3154869 0.0047217 0.0000000 1.6063414 1.7120857 1.4517553 1.4860071 1.5342950 1.5471838 1.8437001 1.6320904 1.7011120 1.6080309 
Aeromonas_rivuli                    1.9570105 1.9609632 2.0549740 2.0859079 2.1936933 2.2856294 2.0874461 2.0540873 2.4352057 2.2772433 2.3863831 2.3769055 2.4453098 2.5535544 2.5302019 2.2680098 2.2404413 1.3650740 1.3550348 1.5566053 1.6684081 1.2976736 1.4478513 1.4460797 2.0462011 1.7385304 1.8975364 1.9411695 2.2638639 2.2067108 1.1355353 1.2292467 1.2112299 1.2009911 1.1885185 1.2229364 1.5990560 1.6063414 0.0000000 0.1479675 0.5759646 0.6267962 0.6663490 0.7321467 0.9206004 0.9374898 1.0517725 1.2814011 
Aeromonas_encheleia                 2.0235593 1.9252789 2.0458583 2.1730615 2.3427331 2.3019466 2.0490854 2.1330723 2.4415719 2.3048401 2.3703992 2.3164391 2.4679067 2.5445316 2.6267390 2.3589813 2.3241646 1.3935229 1.3487527 1.6190108 1.7848597 1.3700543 1.5383532 1.5630252 2.0263449 1.6849447 1.9154256 2.0702105 2.3852169 2.4730575 1.2062848 1.1963073 1.1785232 1.1681564 1.2162895 1.2115578 1.6848441 1.7120857 0.1479675 0.0000000 0.5839679 0.6722478 0.7385804 0.7371903 0.8807262 0.9687485 1.1361390 1.2690917 
Chloroherpeton_thalassium           1.9415369 1.9371498 1.9703343 2.0276736 2.1682195 2.3582419 2.0324839 2.0864993 2.3666929 1.9534085 2.2207641 2.3661664 2.5798716 2.6033241 2.7258618 2.3075550 2.3555230 1.4430376 1.1830063 1.3796299 1.5262538 1.4556745 1.3974279 1.3819210 2.0260228 1.6493168 1.6215888 1.8340451 2.0975208 1.9811389 1.1468584 1.1277827 1.0891145 1.1287673 1.0554799 1.1816199 1.3528682 1.4517553 0.5759646 0.5839679 0.0000000 0.5582341 0.5311279 0.6131139 0.8827362 0.8001505 1.0438760 1.1236655 
Aquimarina_aggregata                1.7996127 1.9262254 2.0123870 2.0679374 1.8229288 2.1537083 2.0229739 1.8868785 2.1635463 2.1487169 2.2882085 2.1138290 2.4927285 2.5598041 2.8113995 2.0807637 1.9884550 1.3714596 1.4203044 1.3755823 1.4891930 1.5080053 1.4594129 1.4937617 1.8755472 1.6671676 1.5779755 1.8609689 2.1790193 2.0339014 1.1008437 1.3067588 1.2958535 1.3016087 1.1954198 1.2099542 1.4324938 1.4860071 0.6267962 0.6722478 0.5582341 0.0000000 0.4721329 0.7059521 0.7974153 0.8761652 0.9156569 1.1386946 
Tenacibaculum_litoreum              1.7654111 1.9475077 2.0357135 2.0860756 1.9771281 2.1332269 2.1346454 1.9971762 2.2485239 2.1539305 2.1665981 2.1653182 2.3026603 2.3915874 2.6570165 2.1519712 2.1034048 1.3695901 1.3124216 1.4303620 1.5718146 1.3679576 1.3770961 1.3805383 1.9609813 1.5778254 1.5801292 1.9804118 2.1223957 1.9781755 1.2473208 1.3789063 1.3688122 1.3683907 1.2462775 1.3356798 1.5022102 1.5342950 0.6663490 0.7385804 0.5311279 0.4721329 0.0000000 0.6897711 0.8207042 0.7947951 0.9828310 0.9969476 
Pirellula_staleyi                   1.8626088 1.8038190 2.0207669 2.0874427 2.2510205 2.0857607 1.9538573 2.2913358 2.2155330 2.1649050 2.0583050 2.1860192 2.4908393 2.8161437 2.8441402 2.2172731 2.1555046 1.6079124 1.4888859 1.5208111 1.5560028 1.4904427 1.4332962 1.4052540 2.1947643 1.6254496 1.7511371 2.0527490 2.2065321 2.3888740 1.2270754 1.3877890 1.3627548 1.3853442 1.4431114 1.5281510 1.4887644 1.5471838 0.7321467 0.7371903 0.6131139 0.7059521 0.6897711 0.0000000 0.8407323 0.9538791 0.9408091 1.1533998 
Rhodophyticola_porphyridii          1.9853095 2.0299605 2.3010694 2.4286954 2.2674094 1.9440573 2.2535766 2.4665623 2.4183151 2.3316453 2.4507103 2.1367784 2.3688971 2.5624324 2.6384397 2.3675331 2.4260284 1.5082792 1.4096530 1.7584376 1.8915589 1.5934492 1.6961004 1.6408335 2.1154340 1.8980113 1.7213308 2.2066211 2.3864356 2.3625734 1.2490329 1.3125524 1.3026274 1.3211634 1.2210773 1.4492267 1.6760668 1.8437001 0.9206004 0.8807262 0.8827362 0.7974153 0.8207042 0.8407323 0.0000000 0.8890755 1.1483467 1.2445392 
Microcystis_aeruginosa              2.1336065 2.0574620 2.2357445 2.2176032 2.5609917 2.3530599 2.0915904 2.2073421 2.0846343 2.3400329 2.3887392 2.0837779 2.4508879 2.6159266 2.6277473 2.2800305 2.1185882 1.5082085 1.3515981 1.8575660 1.6952660 1.4671395 1.3820147 1.5707663 2.0456156 1.7542603 1.7025319 2.3160822 2.4405635 2.4565380 1.3127513 1.4022216 1.3947920 1.3990732 1.3043237 1.3854009 1.5350086 1.6320904 0.9374898 0.9687485 0.8001505 0.8761652 0.7947951 0.9538791 0.8890755 0.0000000 1.2957490 1.3216398 
Red_algae                           1.9123276 1.7008267 1.9636164 2.1102877 2.0968556 2.2160399 2.3398386 2.5418644 2.5308320 2.3522992 2.5964660 2.3576727 2.5421324 2.8997877 2.9360566 2.3571340 2.3795034 1.4765004 1.4556612 1.6566908 1.7610251 1.6344637 1.6347704 1.6853750 1.9448202 1.8004382 1.8897074 2.1698224 2.2765285 2.3181485 1.3903740 1.7093776 1.7166479 1.7344956 1.6200352 1.7289067 1.6786593 1.7011120 1.0517725 1.1361390 1.0438760 0.9156569 0.9828310 0.9408091 1.1483467 1.2957490 0.0000000 0.9869065 
Red_Seaweed                         2.1872895 1.9699147 2.2136543 2.3432457 2.7381671 2.2792983 2.0603860 2.2195544 2.4774308 2.1851762 2.4176753 2.2111332 2.0987091 2.4325396 2.6570651 2.1192983 2.2545690 1.8171379 1.5465861 2.0433808 1.9703261 1.6085590 1.7595686 1.6798281 1.7088368 1.7503933 1.9115624 2.2482404 2.3448003 2.1110201 1.4959279 1.8432439 1.8427212 1.8320060 1.8619806 1.8117859 1.6083888 1.6080309 1.2814011 1.2690917 1.1236655 1.1386946 0.9969476 1.1533998 1.2445392 1.3216398 0.9869065 0.0000000 
